#Coverage	Number of genomic locations
0.0	3.098307129E9
1.0	508218.0
2.0	215688.0
3.0	106741.0
4.0	78603.0
5.0	60871.0
6.0	53258.0
7.0	44943.0
8.0	41511.0
9.0	36742.0
10.0	36274.0
11.0	33088.0
12.0	31113.0
13.0	28852.0
14.0	27950.0
15.0	27454.0
16.0	26681.0
17.0	25175.0
18.0	24535.0
19.0	23510.0
20.0	22979.0
21.0	22538.0
22.0	21506.0
23.0	20823.0
24.0	20957.0
25.0	20432.0
26.0	19095.0
27.0	18827.0
28.0	18532.0
29.0	18454.0
30.0	17796.0
31.0	18147.0
32.0	17580.0
33.0	17060.0
34.0	16214.0
35.0	16530.0
36.0	16244.0
37.0	15928.0
38.0	15690.0
39.0	15177.0
40.0	14497.0
41.0	14543.0
42.0	14541.0
43.0	14009.0
44.0	14076.0
45.0	13803.0
46.0	13394.0
47.0	13084.0
48.0	13103.0
49.0	12834.0
50.0	13058.0
51.0	12813.0
52.0	12406.0
53.0	12357.0
54.0	12357.0
55.0	12158.0
56.0	11976.0
57.0	11984.0
58.0	11913.0
59.0	11606.0
60.0	11268.0
61.0	11291.0
62.0	11390.0
63.0	10986.0
64.0	10615.0
65.0	10517.0
66.0	10570.0
67.0	10870.0
68.0	10592.0
69.0	10288.0
70.0	10307.0
71.0	9982.0
72.0	10352.0
73.0	9903.0
74.0	9965.0
75.0	9588.0
76.0	9971.0
77.0	10023.0
78.0	9838.0
79.0	9705.0
80.0	9166.0
81.0	9301.0
82.0	9258.0
83.0	8903.0
84.0	8967.0
85.0	8921.0
86.0	8719.0
87.0	8567.0
88.0	8706.0
89.0	8623.0
90.0	8755.0
91.0	8693.0
92.0	8631.0
93.0	8715.0
94.0	8701.0
95.0	8459.0
96.0	8561.0
97.0	8284.0
98.0	8229.0
99.0	8080.0
100.0	7850.0
101.0	8194.0
102.0	8187.0
103.0	8109.0
104.0	8285.0
105.0	8067.0
106.0	8044.0
107.0	7928.0
108.0	7693.0
109.0	7660.0
110.0	7700.0
111.0	7403.0
112.0	7480.0
113.0	7519.0
114.0	7436.0
115.0	7306.0
116.0	7347.0
117.0	7391.0
118.0	7181.0
119.0	7308.0
120.0	7029.0
121.0	7244.0
122.0	7207.0
123.0	7272.0
124.0	7317.0
125.0	7142.0
126.0	7337.0
127.0	7003.0
128.0	6992.0
129.0	6943.0
130.0	6956.0
131.0	6989.0
132.0	6814.0
133.0	7041.0
134.0	6848.0
135.0	7053.0
136.0	6986.0
137.0	6813.0
138.0	6899.0
139.0	6958.0
140.0	6839.0
141.0	6834.0
142.0	6727.0
143.0	6670.0
144.0	6747.0
145.0	6865.0
146.0	6889.0
147.0	6887.0
148.0	6733.0
149.0	6658.0
150.0	6593.0
151.0	6655.0
152.0	6785.0
153.0	6781.0
154.0	6481.0
155.0	6528.0
156.0	6528.0
157.0	6448.0
158.0	6287.0
159.0	6401.0
160.0	6243.0
161.0	6092.0
162.0	6149.0
163.0	6164.0
164.0	5991.0
165.0	5878.0
166.0	5769.0
167.0	5767.0
168.0	5905.0
169.0	5758.0
170.0	5695.0
171.0	5663.0
172.0	5653.0
173.0	5623.0
174.0	5665.0
175.0	5752.0
176.0	5745.0
177.0	5591.0
178.0	5493.0
179.0	5368.0
180.0	5271.0
181.0	5411.0
182.0	5169.0
183.0	5308.0
184.0	5237.0
185.0	5193.0
186.0	4984.0
187.0	4839.0
188.0	4883.0
189.0	4895.0
190.0	4927.0
191.0	4821.0
192.0	4834.0
193.0	4735.0
194.0	4853.0
195.0	4648.0
196.0	4667.0
197.0	4481.0
198.0	4555.0
199.0	4394.0
200.0	4333.0
201.0	4358.0
202.0	4152.0
203.0	4290.0
204.0	4024.0
205.0	4120.0
206.0	4101.0
207.0	3835.0
208.0	3972.0
209.0	3882.0
210.0	3811.0
211.0	3739.0
212.0	3636.0
213.0	3700.0
214.0	3700.0
215.0	3723.0
216.0	3612.0
217.0	3581.0
218.0	3632.0
219.0	3632.0
220.0	3550.0
221.0	3580.0
222.0	3583.0
223.0	3540.0
224.0	3437.0
225.0	3590.0
226.0	3498.0
227.0	3332.0
228.0	3481.0
229.0	3218.0
230.0	3245.0
231.0	3295.0
232.0	3214.0
233.0	3085.0
234.0	3131.0
235.0	3191.0
236.0	3081.0
237.0	3097.0
238.0	3064.0
239.0	3012.0
240.0	3006.0
241.0	2997.0
242.0	2984.0
243.0	3000.0
244.0	2880.0
245.0	2886.0
246.0	2999.0
247.0	2912.0
248.0	2818.0
249.0	2937.0
250.0	2889.0
251.0	2832.0
252.0	2917.0
253.0	2796.0
254.0	2759.0
255.0	2646.0
256.0	2639.0
257.0	2524.0
258.0	2550.0
259.0	2493.0
260.0	2587.0
261.0	2547.0
262.0	2417.0
263.0	2370.0
264.0	2313.0
265.0	2330.0
266.0	2289.0
267.0	2426.0
268.0	2351.0
269.0	2409.0
270.0	2207.0
271.0	2252.0
272.0	2277.0
273.0	2341.0
274.0	2245.0
275.0	2086.0
276.0	2147.0
277.0	2167.0
278.0	2009.0
279.0	1975.0
280.0	1889.0
281.0	1987.0
282.0	1888.0
283.0	1854.0
284.0	1841.0
285.0	1721.0
286.0	1761.0
287.0	1663.0
288.0	1746.0
289.0	1697.0
290.0	1677.0
291.0	1706.0
292.0	1671.0
293.0	1684.0
294.0	1657.0
295.0	1604.0
296.0	1642.0
297.0	1560.0
298.0	1635.0
299.0	1679.0
300.0	1625.0
301.0	1577.0
302.0	1624.0
303.0	1523.0
304.0	1538.0
305.0	1482.0
306.0	1484.0
307.0	1420.0
308.0	1377.0
309.0	1382.0
310.0	1460.0
311.0	1452.0
312.0	1380.0
313.0	1394.0
314.0	1277.0
315.0	1323.0
316.0	1316.0
317.0	1353.0
318.0	1275.0
319.0	1269.0
320.0	1304.0
321.0	1269.0
322.0	1278.0
323.0	1258.0
324.0	1195.0
325.0	1136.0
326.0	1208.0
327.0	1136.0
328.0	1191.0
329.0	1128.0
330.0	1094.0
331.0	1102.0
332.0	1080.0
333.0	1063.0
334.0	1059.0
335.0	1088.0
336.0	1111.0
337.0	1045.0
338.0	1030.0
339.0	1043.0
340.0	1061.0
341.0	1047.0
342.0	1038.0
343.0	957.0
344.0	997.0
345.0	996.0
346.0	898.0
347.0	910.0
348.0	897.0
349.0	880.0
350.0	913.0
351.0	870.0
352.0	891.0
353.0	800.0
354.0	850.0
355.0	870.0
356.0	855.0
357.0	797.0
358.0	843.0
359.0	797.0
360.0	834.0
361.0	816.0
362.0	804.0
363.0	766.0
364.0	723.0
365.0	769.0
366.0	707.0
367.0	767.0
368.0	716.0
369.0	723.0
370.0	759.0
371.0	725.0
372.0	701.0
373.0	691.0
374.0	709.0
375.0	715.0
376.0	692.0
377.0	727.0
378.0	676.0
379.0	686.0
380.0	705.0
381.0	649.0
382.0	684.0
383.0	628.0
384.0	619.0
385.0	662.0
386.0	597.0
387.0	574.0
388.0	570.0
389.0	556.0
390.0	609.0
391.0	554.0
392.0	557.0
393.0	582.0
394.0	596.0
395.0	612.0
396.0	539.0
397.0	520.0
398.0	482.0
399.0	460.0
400.0	484.0
401.0	463.0
402.0	481.0
403.0	447.0
404.0	444.0
405.0	456.0
406.0	432.0
407.0	431.0
408.0	438.0
409.0	460.0
410.0	370.0
411.0	425.0
412.0	409.0
413.0	436.0
414.0	383.0
415.0	394.0
416.0	394.0
417.0	350.0
418.0	366.0
419.0	379.0
420.0	335.0
421.0	347.0
422.0	374.0
423.0	331.0
424.0	329.0
425.0	348.0
426.0	324.0
427.0	326.0
428.0	347.0
429.0	300.0
430.0	386.0
431.0	357.0
432.0	368.0
433.0	358.0
434.0	345.0
435.0	386.0
436.0	350.0
437.0	352.0
438.0	348.0
439.0	347.0
440.0	378.0
441.0	320.0
442.0	284.0
443.0	286.0
444.0	291.0
445.0	282.0
446.0	263.0
447.0	271.0
448.0	255.0
449.0	227.0
450.0	260.0
451.0	244.0
452.0	228.0
453.0	224.0
454.0	232.0
455.0	248.0
456.0	225.0
457.0	229.0
458.0	213.0
459.0	227.0
460.0	225.0
461.0	224.0
462.0	218.0
463.0	208.0
464.0	217.0
465.0	217.0
466.0	206.0
467.0	178.0
468.0	205.0
469.0	189.0
470.0	196.0
471.0	161.0
472.0	166.0
473.0	160.0
474.0	160.0
475.0	152.0
476.0	157.0
477.0	166.0
478.0	135.0
479.0	170.0
480.0	142.0
481.0	150.0
482.0	134.0
483.0	133.0
484.0	110.0
485.0	114.0
486.0	114.0
487.0	112.0
488.0	104.0
489.0	121.0
490.0	107.0
491.0	114.0
492.0	102.0
493.0	86.0
494.0	86.0
495.0	96.0
496.0	79.0
497.0	79.0
498.0	74.0
499.0	62.0
500.0	73.0
501.0	65.0
502.0	64.0
503.0	56.0
504.0	83.0
505.0	64.0
506.0	69.0
507.0	49.0
508.0	57.0
509.0	42.0
510.0	53.0
511.0	56.0
512.0	51.0
513.0	47.0
514.0	61.0
515.0	67.0
516.0	50.0
517.0	62.0
518.0	56.0
519.0	57.0
520.0	46.0
521.0	46.0
522.0	45.0
523.0	57.0
524.0	59.0
525.0	51.0
526.0	64.0
527.0	47.0
528.0	41.0
529.0	56.0
530.0	56.0
531.0	60.0
532.0	55.0
533.0	38.0
534.0	40.0
535.0	48.0
536.0	38.0
537.0	42.0
538.0	42.0
539.0	51.0
540.0	50.0
541.0	39.0
542.0	35.0
543.0	53.0
544.0	42.0
545.0	51.0
546.0	47.0
547.0	56.0
548.0	50.0
549.0	72.0
550.0	56.0
551.0	46.0
552.0	48.0
553.0	44.0
554.0	52.0
555.0	37.0
556.0	54.0
557.0	39.0
558.0	40.0
559.0	40.0
560.0	33.0
561.0	46.0
562.0	37.0
563.0	34.0
564.0	43.0
565.0	42.0
566.0	30.0
567.0	43.0
568.0	63.0
569.0	40.0
570.0	32.0
571.0	37.0
572.0	29.0
573.0	27.0
574.0	30.0
575.0	30.0
576.0	25.0
577.0	29.0
578.0	34.0
579.0	21.0
580.0	29.0
581.0	21.0
582.0	34.0
583.0	40.0
584.0	29.0
585.0	28.0
586.0	24.0
587.0	26.0
588.0	30.0
589.0	21.0
590.0	22.0
591.0	23.0
592.0	26.0
593.0	22.0
594.0	24.0
595.0	22.0
596.0	20.0
597.0	23.0
598.0	17.0
599.0	26.0
600.0	20.0
601.0	15.0
602.0	20.0
603.0	24.0
604.0	18.0
605.0	25.0
606.0	21.0
607.0	25.0
608.0	25.0
609.0	23.0
610.0	23.0
611.0	19.0
612.0	28.0
613.0	23.0
614.0	35.0
615.0	25.0
616.0	31.0
617.0	24.0
618.0	20.0
619.0	23.0
620.0	18.0
621.0	17.0
622.0	19.0
623.0	16.0
624.0	20.0
625.0	35.0
626.0	25.0
627.0	23.0
628.0	21.0
629.0	24.0
630.0	24.0
631.0	16.0
632.0	26.0
633.0	23.0
634.0	16.0
635.0	22.0
636.0	22.0
637.0	24.0
638.0	21.0
639.0	16.0
640.0	20.0
641.0	14.0
642.0	19.0
643.0	9.0
644.0	17.0
645.0	21.0
646.0	20.0
647.0	22.0
648.0	22.0
649.0	19.0
650.0	16.0
651.0	16.0
652.0	17.0
653.0	10.0
654.0	17.0
655.0	18.0
656.0	17.0
657.0	28.0
658.0	17.0
659.0	21.0
660.0	14.0
661.0	14.0
662.0	18.0
663.0	16.0
664.0	15.0
665.0	16.0
666.0	18.0
667.0	16.0
668.0	19.0
669.0	19.0
670.0	20.0
671.0	25.0
672.0	19.0
673.0	19.0
674.0	11.0
675.0	15.0
676.0	22.0
677.0	14.0
678.0	14.0
679.0	12.0
680.0	13.0
681.0	21.0
682.0	11.0
683.0	11.0
684.0	12.0
685.0	15.0
686.0	15.0
687.0	12.0
688.0	9.0
689.0	12.0
690.0	4.0
691.0	6.0
692.0	2.0
693.0	7.0
694.0	7.0
695.0	7.0
696.0	3.0
697.0	5.0
698.0	7.0
699.0	4.0
700.0	6.0
701.0	7.0
702.0	1.0
703.0	5.0
704.0	9.0
705.0	5.0
706.0	4.0
707.0	5.0
708.0	8.0
709.0	4.0
710.0	3.0
711.0	2.0
712.0	8.0
713.0	8.0
714.0	5.0
715.0	7.0
716.0	8.0
717.0	11.0
718.0	5.0
719.0	5.0
720.0	6.0
721.0	3.0
722.0	7.0
723.0	3.0
724.0	4.0
725.0	4.0
726.0	5.0
727.0	4.0
728.0	6.0
729.0	4.0
730.0	2.0
731.0	6.0
732.0	11.0
733.0	9.0
734.0	6.0
735.0	7.0
736.0	7.0
737.0	5.0
738.0	6.0
739.0	5.0
740.0	6.0
741.0	10.0
742.0	7.0
743.0	5.0
744.0	4.0
745.0	4.0
746.0	12.0
747.0	6.0
748.0	7.0
749.0	6.0
750.0	7.0
751.0	3.0
752.0	7.0
753.0	10.0
754.0	5.0
755.0	4.0
756.0	4.0
757.0	8.0
758.0	8.0
759.0	3.0
760.0	9.0
761.0	4.0
762.0	3.0
763.0	5.0
764.0	11.0
765.0	8.0
766.0	6.0
767.0	12.0
768.0	5.0
769.0	17.0
770.0	10.0
771.0	6.0
772.0	9.0
773.0	9.0
774.0	7.0
775.0	10.0
776.0	10.0
777.0	6.0
778.0	7.0
779.0	4.0
780.0	6.0
781.0	7.0
782.0	8.0
783.0	7.0
784.0	7.0
785.0	11.0
786.0	8.0
787.0	11.0
788.0	6.0
789.0	4.0
790.0	4.0
791.0	6.0
792.0	12.0
793.0	9.0
794.0	9.0
795.0	10.0
796.0	5.0
797.0	7.0
798.0	5.0
799.0	5.0
800.0	3.0
801.0	9.0
802.0	6.0
803.0	6.0
804.0	3.0
805.0	3.0
807.0	2.0
808.0	4.0
809.0	6.0
810.0	5.0
811.0	4.0
812.0	7.0
813.0	2.0
814.0	5.0
815.0	6.0
816.0	6.0
817.0	1.0
818.0	4.0
819.0	4.0
820.0	3.0
821.0	2.0
822.0	2.0
823.0	2.0
824.0	4.0
825.0	4.0
826.0	3.0
827.0	7.0
828.0	4.0
829.0	2.0
830.0	3.0
831.0	4.0
832.0	6.0
833.0	6.0
834.0	5.0
835.0	8.0
836.0	6.0
837.0	4.0
838.0	4.0
839.0	8.0
840.0	7.0
841.0	6.0
842.0	11.0
843.0	8.0
844.0	3.0
845.0	10.0
846.0	10.0
847.0	8.0
848.0	7.0
849.0	2.0
850.0	5.0
851.0	7.0
852.0	3.0
854.0	5.0
855.0	5.0
856.0	3.0
857.0	2.0
858.0	2.0
859.0	3.0
860.0	3.0
861.0	1.0
862.0	4.0
863.0	3.0
864.0	6.0
865.0	3.0
866.0	2.0
867.0	5.0
868.0	5.0
869.0	7.0
870.0	3.0
871.0	6.0
872.0	4.0
873.0	2.0
874.0	5.0
875.0	4.0
876.0	6.0
877.0	6.0
878.0	2.0
879.0	4.0
880.0	4.0
881.0	4.0
883.0	3.0
884.0	4.0
885.0	5.0
886.0	3.0
887.0	6.0
888.0	2.0
889.0	7.0
890.0	4.0
891.0	4.0
892.0	2.0
893.0	1.0
895.0	2.0
896.0	1.0
897.0	2.0
898.0	4.0
899.0	1.0
900.0	7.0
901.0	2.0
902.0	2.0
903.0	6.0
904.0	4.0
905.0	2.0
906.0	1.0
908.0	3.0
909.0	4.0
910.0	2.0
911.0	2.0
912.0	4.0
913.0	1.0
914.0	1.0
915.0	2.0
916.0	2.0
919.0	3.0
920.0	2.0
921.0	5.0
922.0	2.0
923.0	3.0
925.0	3.0
926.0	1.0
927.0	3.0
928.0	1.0
929.0	5.0
930.0	5.0
931.0	7.0
932.0	5.0
933.0	4.0
934.0	2.0
935.0	6.0
936.0	4.0
937.0	3.0
938.0	3.0
939.0	4.0
940.0	1.0
941.0	6.0
942.0	1.0
943.0	5.0
944.0	4.0
945.0	8.0
946.0	5.0
947.0	4.0
948.0	5.0
949.0	6.0
950.0	1.0
951.0	4.0
952.0	5.0
953.0	4.0
954.0	3.0
955.0	5.0
956.0	4.0
957.0	5.0
958.0	3.0
959.0	3.0
960.0	6.0
961.0	3.0
962.0	3.0
963.0	3.0
964.0	3.0
965.0	1.0
966.0	3.0
967.0	2.0
969.0	2.0
970.0	1.0
971.0	4.0
972.0	2.0
973.0	2.0
974.0	4.0
975.0	4.0
976.0	1.0
978.0	1.0
979.0	3.0
980.0	3.0
981.0	3.0
982.0	2.0
983.0	1.0
984.0	2.0
986.0	2.0
987.0	4.0
989.0	1.0
993.0	1.0
994.0	6.0
995.0	1.0
997.0	5.0
998.0	1.0
999.0	3.0
1000.0	2.0
1001.0	4.0
1002.0	2.0
1003.0	1.0
1004.0	2.0
1006.0	1.0
1007.0	2.0
1008.0	2.0
1009.0	2.0
1010.0	6.0
1011.0	3.0
1012.0	2.0
1013.0	1.0
1014.0	2.0
1015.0	2.0
1016.0	2.0
1017.0	3.0
1018.0	3.0
1019.0	2.0
1020.0	5.0
1021.0	2.0
1022.0	1.0
1023.0	1.0
1024.0	2.0
1025.0	2.0
1027.0	2.0
1028.0	3.0
1029.0	3.0
1030.0	2.0
1033.0	1.0
1034.0	4.0
1035.0	1.0
1036.0	2.0
1037.0	1.0
1038.0	1.0
1039.0	1.0
1040.0	2.0
1043.0	1.0
1044.0	1.0
1045.0	4.0
1046.0	1.0
1047.0	1.0
1048.0	3.0
1049.0	1.0
1050.0	2.0
1051.0	1.0
1052.0	4.0
1053.0	2.0
1055.0	2.0
1056.0	1.0
1065.0	1.0
1066.0	1.0
