11498438 0
567008 1
40326 10
9365 100
9308 101
9393 102
9213 103
9484 104
9495 105
9515 106
9237 107
9442 108
9214 109
37152 11
9146 110
9190 111
9038 112
9112 113
8973 114
8916 115
8592 116
8797 117
8766 118
8775 119
35516 12
8552 120
8508 121
8431 122
8198 123
8287 124
7871 125
7799 126
7717 127
7754 128
7594 129
32707 13
7626 130
7557 131
7464 132
7136 133
7319 134
7154 135
7090 136
7105 137
7067 138
6883 139
31966 14
6814 140
6776 141
6795 142
6709 143
6627 144
6508 145
6378 146
6270 147
6065 148
5842 149
31943 15
6000 150
5791 151
5634 152
5482 153
5475 154
5410 155
5257 156
5442 157
5353 158
5250 159
29996 16
5128 160
5000 161
4957 162
4902 163
4859 164
4834 165
4755 166
4774 167
4632 168
4513 169
28967 17
4557 170
4429 171
4514 172
4228 173
4305 174
4371 175
4244 176
4211 177
4247 178
4167 179
27647 18
4109 180
3931 181
3895 182
3979 183
3725 184
3815 185
3808 186
3677 187
3678 188
3559 189
26949 19
3650 190
3614 191
3416 192
3378 193
3211 194
3261 195
3242 196
3118 197
3124 198
3112 199
183371 2
26029 20
3056 200
3018 201
3001 202
2998 203
2902 204
2802 205
2674 206
2693 207
2584 208
2632 209
25017 21
2578 210
2539 211
2539 212
2381 213
2325 214
2307 215
2321 216
2213 217
2283 218
2186 219
24500 22
2184 220
2071 221
2162 222
2151 223
2014 224
1992 225
1884 226
1876 227
1831 228
1847 229
23919 23
1811 230
1869 231
1737 232
1741 233
1692 234
1666 235
1594 236
1570 237
1606 238
1530 239
23677 24
1546 240
1587 241
1519 242
1469 243
1556 244
1393 245
1413 246
1354 247
1336 248
1331 249
22742 25
1341 250
1244 251
1204 252
1296 253
1165 254
1178 255
1145 256
1136 257
1122 258
1120 259
22300 26
1093 260
1056 261
1005 262
1008 263
1018 264
1064 265
 977 266
 953 267
 929 268
 975 269
22112 27
 860 270
 908 271
 923 272
 852 273
 918 274
 858 275
 853 276
 807 277
 844 278
 821 279
21361 28
 774 280
 768 281
 744 282
 705 283
 742 284
 688 285
 749 286
 640 287
 624 288
 635 289
20935 29
 641 290
 636 291
 668 292
 608 293
 608 294
 606 295
 656 296
 592 297
 574 298
 571 299
100231 3
20238 30
 581 300
 620 301
 562 302
 532 303
 535 304
 527 305
 512 306
 493 307
 472 308
 491 309
19900 31
 459 310
 412 311
 429 312
 429 313
 387 314
 398 315
 407 316
 408 317
 375 318
 374 319
19473 32
 369 320
 323 321
 360 322
 367 323
 333 324
 311 325
 300 326
 299 327
 242 328
 286 329
18823 33
 234 330
 205 331
 232 332
 209 333
 206 334
 199 335
 172 336
 158 337
 153 338
 186 339
18186 34
 172 340
 155 341
 171 342
 143 343
 149 344
 121 345
 150 346
 128 347
 131 348
  95 349
17935 35
  95 350
 105 351
 111 352
  95 353
  81 354
  85 355
  76 356
  73 357
  90 358
  90 359
17852 36
  98 360
  81 361
  73 362
  93 363
  83 364
  63 365
  81 366
  76 367
  77 368
  73 369
17365 37
  64 370
  78 371
  77 372
  64 373
  71 374
  66 375
  52 376
  61 377
  57 378
  42 379
17245 38
  53 380
  54 381
  35 382
  38 383
  52 384
  56 385
  33 386
  41 387
  33 388
  44 389
16791 39
  55 390
  45 391
  35 392
  33 393
  46 394
  43 395
  53 396
  38 397
  37 398
  36 399
77203 4
16632 40
  52 400
  42 401
  40 402
  30 403
  34 404
  39 405
  41 406
  29 407
  27 408
  22 409
16162 41
  30 410
  24 411
  17 412
  23 413
  14 414
  14 415
  24 416
  20 417
  24 418
  19 419
15839 42
  16 420
  18 421
  19 422
  28 423
  27 424
  26 425
  16 426
  25 427
  26 428
  15 429
16031 43
  23 430
  21 431
  19 432
  14 433
  18 434
  13 435
  18 436
  18 437
  14 438
  12 439
16075 44
  18 440
   9 441
  12 442
   7 443
  13 444
  13 445
  17 446
  10 447
  15 448
  11 449
15680 45
   9 450
  13 451
  12 452
  12 453
   5 454
   6 455
   8 456
   7 457
   8 458
  10 459
15101 46
   8 460
   8 461
   5 462
   4 463
  10 464
  12 465
   8 466
  10 467
   8 468
  17 469
14982 47
  14 470
   7 471
   4 472
  10 473
   6 474
   8 475
  12 476
   7 477
   8 478
   6 479
14882 48
   6 480
   4 481
   6 482
   2 483
   3 484
   4 485
   4 486
   2 487
   2 488
   6 489
14688 49
   3 490
   2 491
   2 492
   7 493
   3 495
   1 496
   4 498
62892 5
14627 50
   5 500
   1 501
   1 502
   2 503
   4 505
   1 506
   3 507
   4 508
   1 509
14341 51
   1 510
   4 511
   2 512
   4 513
   1 514
   3 515
   5 516
   3 517
   1 518
   5 519
13927 52
   3 520
   2 521
   3 522
   2 523
   2 524
   5 525
   6 526
   1 527
   3 528
   3 529
13926 53
   1 530
   4 531
   2 532
   4 534
   4 535
   3 536
   4 537
   1 538
   2 539
13853 54
   1 540
   2 542
   2 543
   1 544
   5 545
   2 547
   1 548
   1 549
13782 55
   2 550
   2 552
   2 553
   3 554
   2 555
   6 556
   2 557
   3 558
   1 559
13338 56
   2 560
   2 562
   4 563
   1 565
   3 566
   2 567
   2 568
   1 569
13472 57
   3 571
   2 572
   2 573
   4 574
   1 575
   3 578
   4 579
12993 58
   6 580
   1 581
   1 583
   2 584
   2 585
   1 587
12795 59
   1 590
56023 6
12746 60
12563 61
12334 62
12011 63
11905 64
11740 65
11925 66
11500 67
11719 68
11732 69
49932 7
11256 70
11328 71
11136 72
11214 73
11325 74
11257 75
11256 76
11001 77
10786 78
10616 79
45665 8
10792 80
10657 81
10477 82
10532 83
10305 84
10419 85
9998 86
9977 87
9797 88
9834 89
42634 9
9926 90
9767 91
9615 92
9479 93
9420 94
9350 95
9452 96
9492 97
9425 98
9437 99
