0.000000000000000000e+00 1.000000000000000000e+00 1.000000000000000000e+00
0.000000000000000000e+00 3.000000000000000000e+00 1.000000000000000000e+00
0.000000000000000000e+00 1.000000000000000000e+00 1.000000000000000000e+00
0.000000000000000000e+00 5.000000000000000000e+00 1.000000000000000000e+00
0.000000000000000000e+00 5.000000000000000000e+00 1.000000000000000000e+00
0.000000000000000000e+00 2.000000000000000000e+00 1.000000000000000000e+00
0.000000000000000000e+00 6.000000000000000000e+00 1.000000000000000000e+00
0.000000000000000000e+00 4.000000000000000000e+00 1.000000000000000000e+00
0.000000000000000000e+00 5.000000000000000000e+00 1.000000000000000000e+00
0.000000000000000000e+00 1.100000000000000000e+01 1.000000000000000000e+00
0.000000000000000000e+00 1.300000000000000000e+01 1.000000000000000000e+00
0.000000000000000000e+00 1.500000000000000000e+01 1.000000000000000000e+00
0.000000000000000000e+00 9.000000000000000000e+00 1.000000000000000000e+00
0.000000000000000000e+00 8.000000000000000000e+00 1.000000000000000000e+00
0.000000000000000000e+00 4.000000000000000000e+00 1.000000000000000000e+00
0.000000000000000000e+00 6.000000000000000000e+00 1.000000000000000000e+00
0.000000000000000000e+00 4.000000000000000000e+00 1.000000000000000000e+00
0.000000000000000000e+00 2.000000000000000000e+00 1.000000000000000000e+00
0.000000000000000000e+00 6.000000000000000000e+00 1.000000000000000000e+00
0.000000000000000000e+00 3.000000000000000000e+00 1.000000000000000000e+00
0.000000000000000000e+00 4.000000000000000000e+00 1.000000000000000000e+00
0.000000000000000000e+00 2.000000000000000000e+00 1.000000000000000000e+00
0.000000000000000000e+00 6.000000000000000000e+00 1.000000000000000000e+00
0.000000000000000000e+00 2.000000000000000000e+00 1.000000000000000000e+00
0.000000000000000000e+00 3.000000000000000000e+00 1.000000000000000000e+00
0.000000000000000000e+00 4.000000000000000000e+00 1.000000000000000000e+00
0.000000000000000000e+00 2.000000000000000000e+00 1.000000000000000000e+00
0.000000000000000000e+00 1.000000000000000000e+00 1.000000000000000000e+00
0.000000000000000000e+00 6.000000000000000000e+00 1.000000000000000000e+00
0.000000000000000000e+00 5.000000000000000000e+00 1.000000000000000000e+00
0.000000000000000000e+00 4.000000000000000000e+00 1.000000000000000000e+00
0.000000000000000000e+00 5.000000000000000000e+00 1.000000000000000000e+00
0.000000000000000000e+00 6.000000000000000000e+00 1.000000000000000000e+00
0.000000000000000000e+00 8.000000000000000000e+00 1.000000000000000000e+00
0.000000000000000000e+00 5.000000000000000000e+00 1.000000000000000000e+00
0.000000000000000000e+00 9.000000000000000000e+00 1.000000000000000000e+00
0.000000000000000000e+00 5.000000000000000000e+00 1.000000000000000000e+00
0.000000000000000000e+00 4.000000000000000000e+00 1.000000000000000000e+00
0.000000000000000000e+00 4.000000000000000000e+00 1.000000000000000000e+00
0.000000000000000000e+00 3.000000000000000000e+00 1.000000000000000000e+00
0.000000000000000000e+00 4.000000000000000000e+00 1.000000000000000000e+00
0.000000000000000000e+00 4.000000000000000000e+00 1.000000000000000000e+00
0.000000000000000000e+00 5.000000000000000000e+00 1.000000000000000000e+00
0.000000000000000000e+00 1.000000000000000000e+01 1.000000000000000000e+00
0.000000000000000000e+00 8.000000000000000000e+00 1.000000000000000000e+00
0.000000000000000000e+00 1.100000000000000000e+01 1.000000000000000000e+00
0.000000000000000000e+00 5.000000000000000000e+00 1.000000000000000000e+00
0.000000000000000000e+00 4.000000000000000000e+00 1.000000000000000000e+00
0.000000000000000000e+00 1.000000000000000000e+01 1.000000000000000000e+00
0.000000000000000000e+00 1.500000000000000000e+01 1.000000000000000000e+00
0.000000000000000000e+00 8.000000000000000000e+00 1.000000000000000000e+00
0.000000000000000000e+00 5.000000000000000000e+00 1.000000000000000000e+00
0.000000000000000000e+00 8.000000000000000000e+00 1.000000000000000000e+00
0.000000000000000000e+00 9.000000000000000000e+00 1.000000000000000000e+00
0.000000000000000000e+00 5.000000000000000000e+00 1.000000000000000000e+00
0.000000000000000000e+00 7.000000000000000000e+00 1.000000000000000000e+00
0.000000000000000000e+00 4.000000000000000000e+00 1.000000000000000000e+00
0.000000000000000000e+00 2.000000000000000000e+00 1.000000000000000000e+00
0.000000000000000000e+00 9.000000000000000000e+00 1.000000000000000000e+00
0.000000000000000000e+00 1.100000000000000000e+01 1.000000000000000000e+00
0.000000000000000000e+00 1.000000000000000000e+01 1.000000000000000000e+00
0.000000000000000000e+00 8.000000000000000000e+00 1.000000000000000000e+00
0.000000000000000000e+00 8.000000000000000000e+00 1.000000000000000000e+00
0.000000000000000000e+00 1.000000000000000000e+01 1.000000000000000000e+00
0.000000000000000000e+00 9.000000000000000000e+00 1.000000000000000000e+00
0.000000000000000000e+00 1.100000000000000000e+01 1.000000000000000000e+00
0.000000000000000000e+00 1.100000000000000000e+01 1.000000000000000000e+00
0.000000000000000000e+00 1.200000000000000000e+01 1.000000000000000000e+00
0.000000000000000000e+00 1.800000000000000000e+01 1.000000000000000000e+00
0.000000000000000000e+00 1.700000000000000000e+01 1.000000000000000000e+00
0.000000000000000000e+00 2.600000000000000000e+01 1.000000000000000000e+00
0.000000000000000000e+00 2.400000000000000000e+01 1.000000000000000000e+00
0.000000000000000000e+00 3.200000000000000000e+01 1.000000000000000000e+00
0.000000000000000000e+00 2.200000000000000000e+01 1.000000000000000000e+00
0.000000000000000000e+00 3.000000000000000000e+01 1.000000000000000000e+00
0.000000000000000000e+00 3.500000000000000000e+01 1.000000000000000000e+00
0.000000000000000000e+00 5.200000000000000000e+01 1.000000000000000000e+00
0.000000000000000000e+00 5.200000000000000000e+01 1.000000000000000000e+00
0.000000000000000000e+00 4.700000000000000000e+01 1.000000000000000000e+00
0.000000000000000000e+00 7.400000000000000000e+01 1.000000000000000000e+00
0.000000000000000000e+00 7.100000000000000000e+01 1.000000000000000000e+00
0.000000000000000000e+00 9.000000000000000000e+01 1.000000000000000000e+00
0.000000000000000000e+00 9.900000000000000000e+01 1.000000000000000000e+00
1.000000000000000000e+00 1.010000000000000000e+02 1.591583375852602678e-01
0.000000000000000000e+00 1.240000000000000000e+02 1.000000000000000000e+00
0.000000000000000000e+00 1.420000000000000000e+02 1.000000000000000000e+00
1.000000000000000000e+00 1.400000000000000000e+02 1.148213721150806166e-01
0.000000000000000000e+00 1.880000000000000000e+02 1.000000000000000000e+00
0.000000000000000000e+00 1.840000000000000000e+02 1.000000000000000000e+00
0.000000000000000000e+00 1.940000000000000000e+02 1.000000000000000000e+00
0.000000000000000000e+00 2.110000000000000000e+02 1.000000000000000000e+00
0.000000000000000000e+00 2.300000000000000000e+02 1.000000000000000000e+00
0.000000000000000000e+00 2.510000000000000000e+02 1.000000000000000000e+00
1.000000000000000000e+00 3.140000000000000000e+02 5.119424234430346859e-02
1.000000000000000000e+00 2.900000000000000000e+02 5.543100722796995977e-02
3.000000000000000000e+00 3.440000000000000000e+02 1.401888845591100774e-01
2.000000000000000000e+00 3.440000000000000000e+02 9.345925637274003772e-02
2.000000000000000000e+00 3.760000000000000000e+02 8.550527710697493344e-02
1.000000000000000000e+00 3.930000000000000000e+02 4.090328777636460106e-02
7.000000000000000000e+00 4.360000000000000000e+02 2.580847354880252964e-01
3.000000000000000000e+00 4.440000000000000000e+02 1.086148114602114162e-01
3.000000000000000000e+00 4.910000000000000000e+02 9.821787431432559001e-02
6.000000000000000000e+00 4.710000000000000000e+02 2.047769693772138744e-01
4.000000000000000000e+00 5.400000000000000000e+02 1.190740155267502876e-01
5.000000000000000000e+00 5.760000000000000000e+02 1.395398619454104872e-01
4.000000000000000000e+00 6.290000000000000000e+02 1.022257049037283844e-01
8.000000000000000000e+00 6.310000000000000000e+02 2.038033863215377162e-01
1.200000000000000000e+01 6.940000000000000000e+02 2.779537538232499383e-01
1.600000000000000000e+01 7.370000000000000000e+02 3.489821893321310431e-01
7.000000000000000000e+00 7.570000000000000000e+02 1.486458978504346384e-01
7.000000000000000000e+00 8.060000000000000000e+02 1.396091124972444475e-01
1.900000000000000000e+01 9.040000000000000000e+02 3.378593471527814862e-01
2.500000000000000000e+01 8.570000000000000000e+02 4.689320914851600741e-01
3.400000000000000000e+01 9.420000000000000000e+02 5.802014132354392784e-01
3.200000000000000000e+01 1.041000000000000000e+03 4.941400067968887422e-01
3.900000000000000000e+01 1.105000000000000000e+03 5.673526622156924715e-01
4.700000000000000000e+01 1.172000000000000000e+03 6.446455874720397050e-01
3.400000000000000000e+01 1.192000000000000000e+03 4.585148752246508419e-01
3.400000000000000000e+01 1.285000000000000000e+03 4.253305301694815244e-01
6.100000000000000000e+01 1.295000000000000000e+03 7.572003998940451952e-01
5.800000000000000000e+01 1.448000000000000000e+03 6.438878049547339666e-01
5.900000000000000000e+01 1.426000000000000000e+03 6.650943433874936250e-01
4.900000000000000000e+01 1.520000000000000000e+03 5.182069820456929321e-01
4.900000000000000000e+01 1.590000000000000000e+03 4.953928381820459914e-01
4.900000000000000000e+01 1.688000000000000000e+03 4.666318795672115827e-01
7.000000000000000000e+01 1.753000000000000000e+03 6.418992850700456776e-01
6.300000000000000000e+01 1.817000000000000000e+03 5.573607606246622215e-01
4.500000000000000000e+01 1.931000000000000000e+03 3.746114160150222361e-01
4.400000000000000000e+01 1.920000000000000000e+03 3.683852355358836483e-01
2.400000000000000000e+01 2.025000000000000000e+03 1.905184248428004323e-01
4.400000000000000000e+01 2.087000000000000000e+03 3.389073561230937504e-01
3.200000000000000000e+01 2.083000000000000000e+03 2.469513908188003815e-01
4.300000000000000000e+01 2.328000000000000000e+03 2.969178093353889158e-01
4.200000000000000000e+01 2.398000000000000000e+03 2.815469841687547881e-01
3.400000000000000000e+01 2.560000000000000000e+03 2.134959887764780462e-01
3.600000000000000000e+01 2.672000000000000000e+03 2.165792348278466894e-01
4.200000000000000000e+01 2.795000000000000000e+03 2.415562318556973564e-01
3.500000000000000000e+01 2.859000000000000000e+03 1.967907391968853059e-01
4.500000000000000000e+01 2.985000000000000000e+03 2.423365642629842220e-01
6.600000000000000000e+01 3.133000000000000000e+03 3.386369225481471457e-01
5.000000000000000000e+01 3.348000000000000000e+03 2.400685796910287939e-01
4.100000000000000000e+01 3.441000000000000000e+03 1.915357965534910667e-01
3.400000000000000000e+01 3.484000000000000000e+03 1.568742053007416148e-01
5.000000000000000000e+01 3.645000000000000000e+03 2.205074361606486621e-01
4.700000000000000000e+01 3.822000000000000000e+03 1.976778201248640954e-01
7.300000000000000000e+01 3.949000000000000000e+03 2.971573621210746863e-01
6.200000000000000000e+01 4.128000000000000000e+03 2.414364122962451287e-01
7.200000000000000000e+01 4.278000000000000000e+03 2.705468515474550584e-01
6.400000000000000000e+01 4.337000000000000000e+03 2.372145478789768336e-01
7.100000000000000000e+01 4.386000000000000000e+03 2.602198902927271851e-01
6.000000000000000000e+01 4.534000000000000000e+03 2.127259651007228358e-01
5.600000000000000000e+01 4.631000000000000000e+03 1.943855662669471129e-01
6.400000000000000000e+01 4.794000000000000000e+03 2.146014797978978705e-01
7.200000000000000000e+01 4.701000000000000000e+03 2.462028144905366311e-01
4.000000000000000000e+01 4.646000000000000000e+03 1.383985544219654695e-01
5.800000000000000000e+01 4.677000000000000000e+03 1.993477745508776544e-01
5.500000000000000000e+01 4.592000000000000000e+03 1.925358373880925178e-01
5.500000000000000000e+01 4.538000000000000000e+03 1.948269205125872372e-01
6.800000000000000000e+01 4.426000000000000000e+03 2.469723141743261630e-01
7.700000000000000000e+01 4.323000000000000000e+03 2.863230144345522143e-01
8.200000000000000000e+01 4.162000000000000000e+03 3.167105602789825891e-01
7.600000000000000000e+01 4.041000000000000000e+03 3.023260082416376893e-01
8.500000000000000000e+01 3.825000000000000000e+03 3.572220465802508627e-01
8.100000000000000000e+01 3.582000000000000000e+03 3.635048463944763886e-01
9.900000000000000000e+01 3.434000000000000000e+03 4.634316300276696277e-01
1.340000000000000000e+02 3.128000000000000000e+03 6.886345718922355363e-01
1.020000000000000000e+02 3.071000000000000000e+03 5.339137719971837059e-01
1.070000000000000000e+02 2.894000000000000000e+03 5.943414493033544188e-01
1.350000000000000000e+02 2.684000000000000000e+03 8.085409586345095878e-01
1.450000000000000000e+02 2.476000000000000000e+03 9.413868553861618471e-01
1.400000000000000000e+02 2.412000000000000000e+03 9.330426589782671032e-01
1.350000000000000000e+02 2.297000000000000000e+03 9.447644462233452112e-01
1.770000000000000000e+02 2.286000000000000000e+03 1.244651618990244124e+00
1.240000000000000000e+02 2.130000000000000000e+03 9.358211361116430815e-01
1.610000000000000000e+02 2.055000000000000000e+03 1.259403273709935434e+00
1.460000000000000000e+02 2.055000000000000000e+03 1.142067564979196037e+00
1.650000000000000000e+02 1.965000000000000000e+03 1.349808496620031883e+00
1.570000000000000000e+02 1.898000000000000000e+03 1.329701664430702035e+00
1.690000000000000000e+02 1.947000000000000000e+03 1.395312616457528243e+00
2.130000000000000000e+02 1.890000000000000000e+03 1.811626093371272228e+00
1.920000000000000000e+02 1.847000000000000000e+03 1.671033287738693751e+00
2.410000000000000000e+02 1.855000000000000000e+03 2.088449107904485569e+00
2.480000000000000000e+02 1.865000000000000000e+03 2.137586080340803996e+00
2.510000000000000000e+02 1.873000000000000000e+03 2.154203425586723508e+00
2.420000000000000000e+02 1.820000000000000000e+03 2.137444003988424157e+00
2.120000000000000000e+02 1.770000000000000000e+03 1.925366284957962248e+00
2.480000000000000000e+02 1.811000000000000000e+03 2.201324152311209037e+00
2.860000000000000000e+02 1.811000000000000000e+03 2.538623820810507414e+00
3.320000000000000000e+02 1.849000000000000000e+03 2.886369592162762121e+00
3.110000000000000000e+02 1.727000000000000000e+03 2.894801703468795839e+00
3.500000000000000000e+02 1.776000000000000000e+03 3.167932000922832891e+00
2.710000000000000000e+02 1.697000000000000000e+03 2.567072986473871055e+00
3.270000000000000000e+02 1.690000000000000000e+03 3.110368293152894204e+00
3.110000000000000000e+02 1.672000000000000000e+03 2.990025443714479980e+00
3.320000000000000000e+02 1.570000000000000000e+03 3.399297691661750331e+00
3.370000000000000000e+02 1.515000000000000000e+03 3.575757317748847530e+00
3.370000000000000000e+02 1.458000000000000000e+03 3.715550299306930260e+00
3.070000000000000000e+02 1.452000000000000000e+03 3.398775877070361773e+00
3.130000000000000000e+02 1.326000000000000000e+03 3.794474001570764088e+00
2.680000000000000000e+02 1.324000000000000000e+03 3.253850363865427031e+00
2.990000000000000000e+02 1.182000000000000000e+03 4.066347408407169794e+00
3.050000000000000000e+02 1.134000000000000000e+03 4.323520801864146890e+00
3.160000000000000000e+02 1.098000000000000000e+03 4.626318308170461968e+00
2.740000000000000000e+02 1.013000000000000000e+03 4.348023528464454834e+00
2.620000000000000000e+02 9.460000000000000000e+02 4.452059121755980620e+00
2.710000000000000000e+02 8.330000000000000000e+02 5.229679301375941058e+00
2.530000000000000000e+02 8.280000000000000000e+02 4.911803140478449237e+00
2.050000000000000000e+02 7.280000000000000000e+02 4.526611785306062785e+00
2.070000000000000000e+02 6.530000000000000000e+02 5.095747877327774233e+00
1.720000000000000000e+02 6.020000000000000000e+02 4.592854884603224441e+00
1.500000000000000000e+02 5.350000000000000000e+02 4.507007129750827623e+00
1.610000000000000000e+02 5.080000000000000000e+02 5.094633321799049597e+00
1.480000000000000000e+02 4.760000000000000000e+02 4.998106786185863015e+00
1.680000000000000000e+02 4.430000000000000000e+02 6.096159530805183913e+00
1.120000000000000000e+02 4.130000000000000000e+02 4.359319890470858105e+00
1.330000000000000000e+02 3.720000000000000000e+02 5.747241797803229524e+00
1.290000000000000000e+02 3.980000000000000000e+02 5.210236131654161440e+00
1.180000000000000000e+02 3.240000000000000000e+02 5.854472430065221999e+00
1.100000000000000000e+02 2.670000000000000000e+02 6.622655919746223141e+00
1.110000000000000000e+02 2.400000000000000000e+02 7.434683844451471124e+00
8.000000000000000000e+01 2.310000000000000000e+02 5.567096829822090420e+00
7.700000000000000000e+01 2.270000000000000000e+02 5.452750622909996459e+00
9.500000000000000000e+01 2.370000000000000000e+02 6.443562232618448959e+00
7.800000000000000000e+01 1.900000000000000000e+02 6.599207281561476179e+00
7.200000000000000000e+01 1.950000000000000000e+02 5.935381697025706949e+00
6.500000000000000000e+01 1.790000000000000000e+02 5.837287632666110504e+00
5.300000000000000000e+01 1.790000000000000000e+02 4.759634531250828360e+00
3.800000000000000000e+01 1.590000000000000000e+02 3.841822010391377162e+00
6.300000000000000000e+01 1.710000000000000000e+02 5.922365509093632241e+00
6.200000000000000000e+01 1.500000000000000000e+02 6.644330066392665657e+00
3.400000000000000000e+01 1.350000000000000000e+02 4.048516527909509222e+00
2.900000000000000000e+01 1.150000000000000000e+02 4.053693659019367956e+00
5.600000000000000000e+01 1.420000000000000000e+02 6.339433502691774969e+00
4.600000000000000000e+01 1.110000000000000000e+02 6.661708436226299490e+00
1.900000000000000000e+01 9.900000000000000000e+01 3.085099493193075304e+00
3.100000000000000000e+01 8.900000000000000000e+01 5.599154550330898594e+00
2.400000000000000000e+01 8.700000000000000000e+01 4.434480578237596227e+00
1.400000000000000000e+01 9.900000000000000000e+01 2.273231205510687136e+00
1.100000000000000000e+01 8.000000000000000000e+01 2.210311413215302334e+00
1.900000000000000000e+01 7.600000000000000000e+01 4.018748024027821941e+00
2.600000000000000000e+01 7.600000000000000000e+01 5.499339401301230446e+00
1.400000000000000000e+01 7.200000000000000000e+01 3.125692907577195090e+00
4.000000000000000000e+00 7.300000000000000000e+01 8.808214847184266949e-01
7.000000000000000000e+00 5.300000000000000000e+01 2.123112163637340011e+00
8.000000000000000000e+00 4.200000000000000000e+01 3.061903256402149776e+00
2.000000000000000000e+00 4.300000000000000000e+01 7.476740509819203018e-01
5.000000000000000000e+00 3.700000000000000000e+01 2.172296229204228268e+00
1.000000000000000000e+00 3.400000000000000000e+01 4.727938851797437447e-01
3.000000000000000000e+00 3.300000000000000000e+01 1.461362917828298968e+00
3.000000000000000000e+00 3.100000000000000000e+01 1.555644396397866558e+00
1.000000000000000000e+00 1.900000000000000000e+01 8.460522155848045900e-01
1.000000000000000000e+00 2.700000000000000000e+01 5.953700776337513823e-01
1.000000000000000000e+00 2.200000000000000000e+01 7.306814589141494842e-01
1.000000000000000000e+00 2.000000000000000000e+01 8.037496048055644549e-01
0.000000000000000000e+00 1.600000000000000000e+01 1.000000000000000000e+00
0.000000000000000000e+00 1.700000000000000000e+01 1.000000000000000000e+00
1.000000000000000000e+00 1.700000000000000000e+01 9.455877703594874895e-01
0.000000000000000000e+00 7.000000000000000000e+00 1.000000000000000000e+00
0.000000000000000000e+00 5.000000000000000000e+00 1.000000000000000000e+00
0.000000000000000000e+00 9.000000000000000000e+00 1.000000000000000000e+00
1.000000000000000000e+00 1.600000000000000000e+01 1.004687006006955485e+00
0.000000000000000000e+00 4.000000000000000000e+00 1.000000000000000000e+00
0.000000000000000000e+00 6.000000000000000000e+00 1.000000000000000000e+00
0.000000000000000000e+00 4.000000000000000000e+00 1.000000000000000000e+00
0.000000000000000000e+00 3.000000000000000000e+00 1.000000000000000000e+00
0.000000000000000000e+00 3.000000000000000000e+00 1.000000000000000000e+00
0.000000000000000000e+00 2.000000000000000000e+00 1.000000000000000000e+00
0.000000000000000000e+00 4.000000000000000000e+00 1.000000000000000000e+00
0.000000000000000000e+00 2.000000000000000000e+00 1.000000000000000000e+00
0.000000000000000000e+00 1.000000000000000000e+00 1.000000000000000000e+00
0.000000000000000000e+00 0.000000000000000000e+00 1.000000000000000000e+00
0.000000000000000000e+00 1.000000000000000000e+00 1.000000000000000000e+00
0.000000000000000000e+00 0.000000000000000000e+00 1.000000000000000000e+00
0.000000000000000000e+00 0.000000000000000000e+00 1.000000000000000000e+00
0.000000000000000000e+00 0.000000000000000000e+00 1.000000000000000000e+00
0.000000000000000000e+00 1.000000000000000000e+00 1.000000000000000000e+00
0.000000000000000000e+00 0.000000000000000000e+00 1.000000000000000000e+00
0.000000000000000000e+00 0.000000000000000000e+00 1.000000000000000000e+00
0.000000000000000000e+00 0.000000000000000000e+00 1.000000000000000000e+00
0.000000000000000000e+00 0.000000000000000000e+00 1.000000000000000000e+00
0.000000000000000000e+00 0.000000000000000000e+00 1.000000000000000000e+00
0.000000000000000000e+00 0.000000000000000000e+00 1.000000000000000000e+00
0.000000000000000000e+00 0.000000000000000000e+00 1.000000000000000000e+00
0.000000000000000000e+00 0.000000000000000000e+00 1.000000000000000000e+00
0.000000000000000000e+00 0.000000000000000000e+00 1.000000000000000000e+00
0.000000000000000000e+00 0.000000000000000000e+00 1.000000000000000000e+00
0.000000000000000000e+00 0.000000000000000000e+00 1.000000000000000000e+00
0.000000000000000000e+00 0.000000000000000000e+00 1.000000000000000000e+00
0.000000000000000000e+00 0.000000000000000000e+00 1.000000000000000000e+00
0.000000000000000000e+00 0.000000000000000000e+00 1.000000000000000000e+00
0.000000000000000000e+00 0.000000000000000000e+00 1.000000000000000000e+00
0.000000000000000000e+00 0.000000000000000000e+00 1.000000000000000000e+00
0.000000000000000000e+00 0.000000000000000000e+00 1.000000000000000000e+00
0.000000000000000000e+00 0.000000000000000000e+00 1.000000000000000000e+00
0.000000000000000000e+00 0.000000000000000000e+00 1.000000000000000000e+00
0.000000000000000000e+00 0.000000000000000000e+00 1.000000000000000000e+00
0.000000000000000000e+00 0.000000000000000000e+00 1.000000000000000000e+00
0.000000000000000000e+00 0.000000000000000000e+00 1.000000000000000000e+00
0.000000000000000000e+00 0.000000000000000000e+00 1.000000000000000000e+00
0.000000000000000000e+00 0.000000000000000000e+00 1.000000000000000000e+00
